=====================================================
         RESUMEN COMPLETO DEL MODELO
=====================================================


Call:
lm(formula = log_inglabo ~ p6800 + p6850 + rama2d_r4, data = data_clean)

Residuals:
     Min       1Q   Median       3Q      Max 
-14.5895  -0.1915   0.1577   0.4644   2.2411 

Coefficients:
             Estimate Std. Error t value Pr(>|t|)    
(Intercept) 12.674080   0.778789  16.274  < 2e-16 ***
p6800        0.014748   0.002942   5.014 5.37e-07 ***
p6850        0.011603   0.002854   4.065 4.80e-05 ***
rama2d_r401 -0.704963   0.777650  -0.907    0.365    
rama2d_r402 -0.783358   0.803448  -0.975    0.330    
rama2d_r403 -0.540310   0.782386  -0.691    0.490    
rama2d_r405  0.263524   0.795384   0.331    0.740    
rama2d_r406  0.539875   0.801797   0.673    0.501    
rama2d_r407 -0.667506   0.784716  -0.851    0.395    
rama2d_r408 -1.239532   0.793633  -1.562    0.118    
rama2d_r409  0.557344   0.824527   0.676    0.499    
rama2d_r410  0.007041   0.778728   0.009    0.993    
rama2d_r411  0.187941   0.788094   0.238    0.812    
rama2d_r412  0.017090   1.099371   0.016    0.988    
rama2d_r413 -0.715180   0.792569  -0.902    0.367    
rama2d_r414 -0.308520   0.779328  -0.396    0.692    
rama2d_r415 -0.463147   0.781433  -0.593    0.553    
rama2d_r416 -0.585175   0.790231  -0.741    0.459    
rama2d_r417  0.270172   0.799069   0.338    0.735    
rama2d_r418 -0.140351   0.797222  -0.176    0.860    
rama2d_r419  0.336906   0.843181   0.400    0.689    
rama2d_r420  0.292727   0.788295   0.371    0.710    
rama2d_r421  0.105247   0.802319   0.131    0.896    
rama2d_r422  0.028161   0.787190   0.036    0.971    
rama2d_r423  0.078661   0.785265   0.100    0.920    
rama2d_r424  0.283374   0.802865   0.353    0.724    
rama2d_r425 -0.047383   0.780232  -0.061    0.952    
rama2d_r426  0.489274   0.886343   0.552    0.581    
rama2d_r427  0.334589   0.797921   0.419    0.675    
rama2d_r428  0.438838   0.812994   0.540    0.589    
rama2d_r429  0.320895   0.806716   0.398    0.691    
rama2d_r430  0.275170   0.828681   0.332    0.740    
rama2d_r431 -0.187783   0.780341  -0.241    0.810    
rama2d_r432 -0.414149   0.785970  -0.527    0.598    
rama2d_r433  0.226965   0.785107   0.289    0.773    
rama2d_r435  0.439248   0.783151   0.561    0.575    
rama2d_r436  0.356602   0.785317   0.454    0.650    
rama2d_r437  0.485011   1.229131   0.395    0.693    
rama2d_r438 -0.424536   0.780856  -0.544    0.587    
rama2d_r439  0.244309   1.099404   0.222    0.824    
rama2d_r441 -0.072936   0.777844  -0.094    0.925    
rama2d_r442  0.223387   0.780022   0.286    0.775    
rama2d_r443  0.026052   0.779175   0.033    0.973    
rama2d_r445 -0.063321   0.778302  -0.081    0.935    
rama2d_r446  0.227290   0.778520   0.292    0.770    
rama2d_r447 -0.297539   0.777574  -0.383    0.702    
rama2d_r449 -0.158802   0.777777  -0.204    0.838    
rama2d_r450  0.162564   0.799481   0.203    0.839    
rama2d_r451  0.493696   0.810004   0.609    0.542    
rama2d_r452 -0.113076   0.779664  -0.145    0.885    
rama2d_r453 -0.014239   0.780182  -0.018    0.985    
rama2d_r455  0.136926   0.779732   0.176    0.861    
rama2d_r456 -0.293491   0.777791  -0.377    0.706    
rama2d_r458  0.565555   0.831053   0.681    0.496    
rama2d_r459  0.478857   0.819428   0.584    0.559    
rama2d_r460  0.419523   0.804032   0.522    0.602    
rama2d_r461  0.167504   0.782381   0.214    0.830    
rama2d_r462  0.602937   0.786952   0.766    0.444    
rama2d_r463  0.243832   0.876992   0.278    0.781    
rama2d_r464  0.391443   0.780246   0.502    0.616    
rama2d_r465  0.522224   0.784125   0.666    0.505    
rama2d_r466  0.466326   0.847120   0.550    0.582    
rama2d_r468  0.121608   0.779610   0.156    0.876    
rama2d_r469  0.228920   0.780651   0.293    0.769    
rama2d_r470  0.466456   0.791133   0.590    0.555    
rama2d_r471  0.434055   0.783424   0.554    0.580    
rama2d_r472  0.792483   0.826533   0.959    0.338    
rama2d_r473  0.355609   0.785212   0.453    0.651    
rama2d_r474  0.134792   0.785274   0.172    0.864    
rama2d_r475 -0.019580   0.799069  -0.025    0.980    
rama2d_r477  0.104568   0.790084   0.132    0.895    
rama2d_r478  0.359211   0.798292   0.450    0.653    
rama2d_r479  0.250915   0.792766   0.317    0.752    
rama2d_r480  0.156203   0.781409   0.200    0.842    
rama2d_r481 -0.369145   0.778572  -0.474    0.635    
rama2d_r482  0.243170   0.780943   0.311    0.756    
rama2d_r484  0.650559   0.778237   0.836    0.403    
rama2d_r485  0.591232   0.778093   0.760    0.447    
rama2d_r486  0.356757   0.778093   0.459    0.647    
rama2d_r487 -0.125426   0.798678  -0.157    0.875    
rama2d_r488  0.029720   0.780776   0.038    0.970    
rama2d_r490 -0.408105   0.792598  -0.515    0.607    
rama2d_r491  0.438909   0.843179   0.521    0.603    
rama2d_r492 -0.256947   0.783013  -0.328    0.743    
rama2d_r493  0.197647   0.784084   0.252    0.801    
rama2d_r494  0.330359   0.781057   0.423    0.672    
rama2d_r495 -0.406422   0.779689  -0.521    0.602    
rama2d_r496 -0.278881   0.778539  -0.358    0.720    
rama2d_r497 -0.205754   0.778173  -0.264    0.791    
rama2d_r499  0.728768   0.983315   0.741    0.459    
---
Signif. codes:  0 '***' 0.001 '**' 0.01 '*' 0.05 '.' 0.1 ' ' 1

Residual standard error: 1.346 on 41222 degrees of freedom
Multiple R-squared:  0.08346,	Adjusted R-squared:  0.08148 
F-statistic: 42.18 on 89 and 41222 DF,  p-value: < 2.2e-16

